7371.5391
32.8587
36.0794
16.4798
6.1415
11.1177
37.1378
19.9877
19.0715
11.2305
12.8947
17.0425
11.5721
10.8098
8.6550
15.4601
28.2072
9.3460
7.6719
12.7293
16.1731
14.4797
6.0679
6.8506
7.4036
7.5414
6.8155
10.4857
5.3023
5.2717
8.0605
4.7335
3.8806
5.3010
4.7120
4.4323
2.9607
4.7565
7.7924
10.8807
8.0461
5.5669
4.6208
7.7012
7.9482
10.7037
7.1974
4.9856
9.3181
6.7149
6.4972
2.6642
2.0230
5.4465
8.2641
10.3787
2.7762
2.9981
7.8400
4.4963
2.8462
4.1152
10.1781
4.5395
3.6138
11.3923
6.4522
3.3324
5.8993
2.5346
1.8413
3.4297
4.1900
3.6802
4.8766
3.1263
2.6926
4.5836
2.6471
2.1211
2.0571
1.3238
3.6903
5.7925
4.6438
3.2137
5.0288
1.5416
1.6734
4.2660
7.9576
3.5358
3.5893
2.3999
2.1126
2.1320
4.2156
5.1843
2.5721
1.6323
1.9904
3.1552
2.4527
10.9971
2.0103
3.1013
2.5706
4.0421
3.1876
3.0787
1.7377
3.7075
3.7982
4.7662
2.7384
2.7786
3.4898
1.4887
4.0607
4.5109
3.4760
3.2052
3.3445
3.8378
3.0054
2.5916
2.4881
4.0983
1.3428
2.1287
1.8702
1.4907
5.4804
3.4841
4.1122
2.1409
1.3776
2.2825
1.8964
1.6490
2.3839
1.8027
2.5307
2.0635
2.9850
2.1778
0.6219
2.5249
1.1689
2.3146
2.6581
1.4794
1.7704
1.9165
0.6619
1.2662
3.0109
1.3367
1.7220
1.5567
2.4491
1.0086
2.6331
1.3782
3.6416
2.6556
3.2883
2.1607
2.3614
0.6648
1.2215
1.7301
1.1035
1.1995
1.4354
1.2045
2.3098
2.8580
1.2893
0.8909
2.0055
3.5195
1.6088
1.4590
2.1679
1.9680
0.9971
1.4795
4.6604
2.2834
1.4304
1.3145
0.9703
0.9951
0.7283
1.4236
1.0049
1.6672
1.2482
1.7765
3.3199
1.2131
2.3458
2.0310
1.0371
2.1478
2.3412
2.3093
2.1711
2.8623
1.0930
1.9002
1.0797
1.0394
2.7687
1.4821
1.6574
11510.5576
7305.9707
10790.9990
3776.5273
7236.1963
